2383160
6152040
1040771
2081876
6434486
10570870
1041482
1400030
25829693
24844044
3564720
6434543
20472730
6719081
26756729
1063796
23494000
3990022
1431350
2326273
3117464
3930318
1000445
1034279
2122274
3272411
3413836
5063026
3035117
1395761
3908784
7916247
3837631
3272672
5275428
6556837
2977158
1062193
2567698
4922017
1102497
1085860
1119522
1071227
2339950
4074636
4987367
1080370
3646172
1798132
2216684
2159042
26883446
26651873
26390453
21268040
26707463
1827374
26184366
5408896
1442869
25954353
25862578
10594782
10785583
1322455
6082808
1054071
1852700
1855425
3259440
2222359
1053759
